1657530143
1657530203
1657530263
1657530323
1657530383
1657530443
1657530503
1657530563
1657530623
1657530683
1657530743
1657530803
1657530863
1657530923
1657530983
1657531043
1657531103
1657531163
1657531223
1657531283
1657531343
1657531403
1657531463
1657531523
1657531583
1657531643
1657531703
1657531763
1657531823
1657531883
1657531943
1657532003
1657532063
1657532123
1657532183
1657532243
1657532303
1657532363
1657532423
1657532483
1657532543
1657532603
1657532663
1657532723
1657532783
1657532843
1657532903
1657532963
1657533023
1657533083
1657533143
1657533203
1657533263
1657533323
1657533383
1657533443
1657533503
1657533563
1657533623
1657533683
1657533743
1657533803
1657533863
1657533923
1657533983
1657534043
1657534103
1657534163
1657534223
1657534283
1657534343
1657534403
1657534463
1657534523
1657534583
1657534643
1657534703
1657534763
1657534823
1657534883
1657534943
1657535003
1657535063
1657535123
1657535183
1657535243
1657535303
1657535363
1657535423
1657535483
1657535543
1657535603
1657535663
1657535723
1657535783
1657535843
1657535903
1657535963
1657536023
1657536083
1657536143
1657536203
1657536263
1657536323
1657536383
1657536443
1657536503
1657536563
1657536623
1657536683
1657536743
1657536803
1657536863
1657536923
1657536983
1657537043
1657537103
1657537163
1657537223
1657537283
1657537343
1657537403
1657537463
1657537523
1657537583
1657537643
1657537703
1657537763
1657537823
1657537883
1657537943
1657538003
1657538063
1657538123
1657538183
1657538243
1657538303
1657538363
1657538423
1657538483
1657538543
1657538603
1657538663
1657538723
1657538783
1657538843
1657538903
1657538963
1657539024
1657539084
1657539144
1657539204
1657539264
1657539324
1657539384
1657539444
1657539504
1657539564
1657539624
1657539684
1657539744
1657539804
1657539864
1657539924
1657539984
1657540044
1657540104
1657540164
1657540224
1657540284
1657540344
1657540404
1657540464
1657540524
1657540584
1657540644
1657540704
1657540764
1657540824
1657540884
1657540944
1657541004
1657541064
1657541124
1657541184
1657541244
1657541304
1657541364
1657541424
1657541484
1657541544
1657541604
1657541664
1657541724
1657541784
1657541844
1657541904
1657541964
1657542024
1657542084
1657542144
1657542204
1657542264
1657542324
1657542384
1657542444
1657542504
1657542564
1657542624
1657542684
1657542744
1657542804
1657542864
1657542924
1657542984
1657543044
1657543104
1657543164
1657543224
1657543284
1657543344
1657543404
1657543464
1657543524
1657543584
1657543644
1657543704
1657543764
1657543824
1657543884
1657543944
1657544004
1657544064
1657544124
1657544184
1657544244
1657544304
1657544364
1657544424
1657544484
1657544544
1657544604
1657544664
1657544724
1657544784
1657544844
1657544904
1657544964
1657545024
1657545084
1657545144
1657545204
1657545264
1657545324
1657545384
1657545444
1657545504
1657545564
1657545624
1657545684
1657545744
1657545804
1657545864
1657545924
1657545984
1657546044
1657546104
1657546164
1657546224
1657546284
1657546344
1657546404
1657546464
1657546524
1657546584
1657546644
1657546704
1657546764
1657546824
1657546884
1657546944
1657547004
1657547064
1657547124
1657547184
1657547244
1657547304
1657547364
1657547424
1657547484
1657547544
1657547604
1657547664
1657547724
1657547784
1657547844
1657547904
1657547964
1657548024
1657548084
1657548144
1657548204
1657548264
1657548324
1657548385
1657548445
1657548505
1657548565
1657548625
1657548685
1657548745
1657548805
1657548865
1657548925
1657548985
1657549045
1657549105
1657549165
1657549225
1657549285
1657549345
1657549405
1657549465
1657549525
1657549585
1657549645
1657549705
1657549765
1657549825
1657549885
1657549945
1657550005
1657550065
1657550125
1657550185
1657550245
1657550305
1657550365
1657550425
1657550485
1657550545
1657550605
1657550665
1657550725
1657550785
1657550845
1657550905
1657550965
1657551025
1657551085
1657551145
1657551205
1657551265
1657551325
1657551385
1657551445
1657551505
1657551565
1657551625
1657551685
1657551745
1657551805
1657551865
1657551925
1657551985
1657552045
1657552105
1657552165
1657552225
1657552285
1657552345
1657552405
1657552465
1657552525
1657552585
1657552645
1657552705
1657552765
1657552825
1657552885
1657552945
1657553005
1657553065
1657553125
1657553185
1657553245
1657553305
1657553365
1657553425
1657553485
1657553545
1657553605
1657553665
1657553725
1657553785
1657553845
1657553905
1657553965
1657554025
1657554085
1657554145
1657554205
1657554265
1657554325
1657554385
1657554445
1657554505
1657554565
1657554625
1657554685
1657554745
1657554805
1657554865
1657554925
1657554985
1657555045
1657555105
1657555165
1657555225
1657555285
1657555345
1657555405
1657555465
1657555525
1657555585
1657555645
1657555705
1657555765
1657555825
1657555885
1657555945
1657556005
1657556065
1657556125
1657556185
1657556245
1657556305
1657556365
1657556425
1657556485
1657556545
1657556605
1657556665
1657556725
1657556785
1657556845
1657556905
1657556965
1657557025
1657557085
1657557145
1657557205
1657557265
1657557325
1657557385
1657557445
1657557505
1657557565
1657557625
1657557685
1657557746
1657557806
1657557866
1657557926
1657557986
1657558046
1657558106
1657558166
1657558226
1657558286
1657558346
1657558406
1657558466
1657558526
1657558586
1657558646
1657558706
1657558766
1657558826
1657558886
1657558946
1657559006
1657559066
1657559126
1657559186
1657559246
1657559306
1657559366
1657559426
1657559486
1657559546
1657559606
1657559666
1657559726
1657559786
1657559846
1657559906
1657559966
1657560026
1657560086
1657560146
1657560206
1657560266
1657560326
1657560386
1657560446
1657560506
1657560566
1657560626
1657560686
1657560746
1657560806
1657560866
1657560926
1657560986
1657561046
1657561106
1657561166
1657561226
1657561286
1657561346
1657561406
1657561466
1657561526
1657561586
1657561646
1657561706
1657561766
1657561826
1657561886
1657561946
1657562006
1657562066
1657562126
1657562186
1657562246
1657562306
1657562366
1657562426
1657562486
1657562546
1657562606
1657562666
1657562726
1657562786
1657562846
1657562906
1657562966
1657563026
1657563086
1657563146
1657563206
1657563266
1657563326
1657563386
1657563446
1657563506
1657563566
1657563626
1657563686
1657563746
1657563806
1657563866
1657563926
1657563986
1657564046
1657564106
1657564166
1657564226
1657564286
1657564346
1657564406
1657564466
1657564526
1657564586
1657564646
1657564706
1657564766
1657564826
1657564886
1657564946
1657565006
1657565066
1657565126
1657565186
1657565246
1657565306
1657565366
1657565426
1657565486
1657565546
1657565606
1657565666
1657565726
1657565786
1657565846
1657565906
1657565966
1657566026
1657566086
1657566146
1657566206
1657566266
1657566326
1657566386
1657566446
1657566506
1657566566
1657566626
1657566686
1657566746
1657566806
1657566866
1657566926
1657566986
1657567046
1657567107
1657567167
1657567227
1657567287
1657567347
1657567407
1657567467
1657567527
1657567587
1657567647
1657567707
1657567767
1657567827
1657567887
1657567947
1657568007
1657568067
1657568127
1657568187
1657568247
1657568307
1657568367
1657568427
1657568487
1657568547
1657568607
1657568667
1657568727
1657568787
1657568847
1657568907
1657568967
1657569027
1657569087
1657569147
1657569207
1657569267
1657569327
1657569387
1657569447
1657569507
1657569567
1657569627
1657569687
1657569747
1657569807
1657569867
1657569927
1657569987
1657570047
1657570107
1657570167
1657570227
1657570287
1657570347
1657570407
1657570467
1657570527
1657570587
1657570647
1657570707
1657570767
1657570827
1657570887
1657570947
1657571007
1657571067
1657571127
1657571187
1657571247
1657571307
1657571367
1657571427
1657571487
1657571547
1657571607
1657571667
1657571727
1657571787
1657571847
1657571907
1657571967
1657572027
1657572087
1657572147
1657572207
1657572267
1657572327
1657572387
1657572447
1657572507
1657572567
1657572627
1657572687
1657572747
1657572807
1657572867
1657572927
1657572987
1657573047
1657573107
1657573167
1657573227
1657573287
1657573347
1657573407
1657573467
1657573527
1657573587
1657573647
1657573707
1657573767
1657573827
1657573887
1657573947
1657574007
1657574067
1657574127
1657574187
1657574247
1657574307
1657574367
1657574427
1657574487
1657574547
1657574607
1657574667
1657574727
1657574787
1657574847
1657574907
1657574967
1657575027
1657575087
1657575147
1657575207
1657575267
1657575327
1657575387
1657575447
1657575507
1657575567
1657575627
1657575687
1657575747
1657575807
1657575867
1657575927
1657575987
1657576047
1657576107
1657576167
1657576227
1657576287
1657576347
1657576407
1657576467
1657576527
1657576588
1657576648
1657576708
1657576768
1657576828
1657576888
1657576948
1657577008
1657577068
1657577128
1657577188
1657577248
1657577308
1657577368
1657577428
1657577488
1657577548
1657577608
1657577668
1657577728
1657577788
1657577848
1657577908
1657577968
1657578028
1657578088
1657578148
1657578208
1657578268
1657578328
1657578388
1657578448
1657578508
1657578568
1657578628
1657578688
1657578748
1657578808
1657578868
1657578928
1657578988
1657579048
1657579108
1657579168
1657579228
1657579288
1657579348
1657579408
1657579468
1657579528
1657579588
1657579648
1657579708
1657579768
1657579828
1657579888
1657579948
1657580008
1657580068
1657580128
1657580188
1657580248
1657580308
1657580368
1657580428
1657580488
1657580548
1657580608
1657580668
1657580728
1657580788
1657580848
1657580908
1657580968
1657581028
1657581088
1657581148
1657581208
1657581268
1657581328
1657581388
1657581448
1657581508
1657581568
1657581628
1657581688
1657581748
1657581808
1657581868
1657581928
1657581988
1657582048
1657582108
1657582168
1657582228
1657582288
1657582348
1657582408
1657582468
1657582528
1657582588
1657582648
1657582708
1657582768
1657582828
1657582888
1657582948
1657583008
1657583068
1657583128
1657583188
1657583248
1657583308
1657583368
1657583428
1657583488
1657583548
1657583608
1657583668
1657583728
1657583788
1657583848
1657583908
1657583968
1657584028
1657584088
1657584148
1657584208
1657584268
1657584328
1657584388
1657584448
1657584508
1657584568
1657584628
1657584688
1657584748
1657584808
1657584868
1657584928
1657584988
1657585048
1657585108
1657585168
1657585228
1657585288
1657585348
1657585408
1657585468
1657585528
1657585588
1657585648
1657585708
1657585768
1657585828
1657585888
1657585949
1657586009
1657586069
1657586129
1657586189
1657586249
1657586309
1657586369
1657586429
1657586489
1657586549
1657586609
1657586669
1657586729
1657586789
1657586849
1657586909
1657586969
1657587029
1657587089
1657587149
1657587209
1657587269
1657587329
1657587389
1657587449
1657587509
1657587569
1657587629
1657587689
1657587749
1657587809
1657587869
1657587929
1657587989
1657588049
1657588109
1657588169
1657588229
1657588289
1657588349
1657588409
1657588469
1657588529
1657588589
1657588649
1657588709
1657588769
1657588829
1657588889
1657588949
1657589009
1657589069
1657589129
1657589189
1657589249
1657589309
1657589369
1657589429
1657589489
1657589549
1657589609
1657589669
1657589729
1657589789
1657589849
1657589909
1657589969
1657590029
1657590089
1657590149
1657590209
1657590269
1657590329
1657590389
1657590449
1657590509
1657590569
1657590629
1657590689
1657590749
1657590809
1657590869
1657590929
1657590989
1657591049
1657591109
1657591169
1657591229
1657591289
1657591349
1657591409
1657591469
1657591529
1657591589
1657591649
1657591709
1657591769
1657591829
1657591889
1657591949
1657592009
1657592069
1657592129
1657592189
1657592249
1657592309
1657592369
1657592429
1657592489
1657592549
1657592609
1657592669
1657592729
1657592789
1657592849
1657592909
1657592969
1657593029
1657593089
1657593149
1657593209
1657593269
1657593329
1657593389
1657593449
1657593509
1657593569
1657593629
1657593689
1657593749
1657593809
1657593869
1657593929
1657593989
1657594049
1657594109
1657594169
1657594229
1657594289
1657594349
1657594409
1657594469
1657594529
1657594589
1657594649
1657594709
1657594769
1657594829
1657594889
1657594949
1657595009
1657595069
1657595129
1657595189
1657595249
1657595310
1657595370
1657595430
1657595490
1657595550
1657595610
1657595670
1657595730
1657595790
1657595850
1657595910
1657595970
1657596030
1657596090
1657596150
1657596210
1657596270
1657596330
1657596390
1657596450
1657596510
1657596570
1657596630
1657596690
1657596750
1657596810
1657596870
1657596930
1657596990
1657597050
1657597110
1657597170
1657597230
1657597290
1657597350
1657597410
1657597470
1657597530
1657597590
1657597650
1657597710
1657597770
1657597830
1657597890
1657597950
1657598010
1657598070
1657598130
1657598190
1657598250
1657598310
1657598370
1657598430
1657598490
1657598550
1657598610
1657598670
1657598730
1657598790
1657598850
1657598910
1657598970
1657599030
1657599090
1657599150
1657599210
1657599270
1657599330
1657599390
1657599450
1657599510
1657599570
1657599630
1657599690
1657599750
1657599810
1657599870
1657599930
1657599990
1657600050
1657600110
1657600170
1657600230
1657600290
1657600350
1657600410
1657600470
1657600530
1657600590
1657600650
1657600710
1657600770
1657600830
1657600890
1657600950
1657601010
1657601070
1657601130
1657601190
1657601250
1657601310
1657601370
1657601430
1657601490
1657601550
1657601610
1657601670
1657601730
1657601790
1657601850
1657601910
1657601970
1657602030
1657602090
1657602150
1657602210
1657602270
1657602330
1657602390
1657602450
1657602510
1657602570
1657602630
1657602690
1657602750
1657602810
1657602870
1657602930
1657602990
1657603050
1657603110
1657603170
1657603230
1657603290
1657603350
1657603410
1657603470
1657603530
1657603590
1657603650
1657603710
1657603770
1657603830
1657603890
1657603950
1657604010
1657604070
1657604130
1657604190
1657604250
1657604310
1657604370
1657604430
1657604490
1657604550
1657604610
1657604670
1657604730
1657604791
1657604851
1657604911
1657604971
1657605031
1657605091
1657605151
1657605211
1657605271
1657605331
1657605391
1657605451
1657605511
1657605571
1657605631
1657605691
1657605751
1657605811
1657605871
1657605931
1657605991
1657606051
1657606111
1657606171
1657606231
1657606291
1657606351
1657606411
1657606471
1657606531
1657606591
1657606651
1657606711
1657606771
1657606831
1657606891
1657606951
1657607011
1657607071
1657607131
1657607191
1657607251
1657607311
1657607371
1657607431
1657607491
1657607551
1657607611
1657607671
1657607731
1657607791
1657607851
1657607911
1657607971
1657608031
1657608091
1657608151
1657608211
1657608271
1657608331
1657608391
1657608451
1657608511
1657608571
1657608631
1657608691
1657608751
1657608811
1657608871
1657608931
1657608991
1657609051
1657609111
1657609171
1657609231
1657609291
1657609351
1657609411
1657609471
1657609531
1657609591
1657609651
1657609711
1657609771
1657609831
1657609891
1657609951
1657610011
1657610071
1657610131
1657610191
1657610251
1657610311
1657610371
1657610431
1657610491
1657610551
1657610611
1657610671
1657610731
1657610791
1657610851
1657610911
1657610971
1657611031
1657611091
1657611151
1657611211
1657611271
1657611331
1657611391
1657611451
1657611511
1657611571
1657611631
1657611691
1657611751
1657611811
1657611871
1657611931
1657611991
1657612051
1657612111
1657612171
1657612231
1657612291
1657612351
1657612411
1657612471
1657612531
1657612591
1657612651
1657612711
1657612771
1657612831
1657612891
1657612951
1657613011
1657613071
1657613131
1657613191
1657613251
1657613311
1657613371
1657613431
1657613491
1657613551
1657613611
1657613671
1657613731
1657613791
1657613851
1657613911
1657613971
1657614031
1657614091
1657614151
1657614212
1657614272
1657614332
1657614392
1657614452
1657614512
1657614572
1657614632
1657614692
1657614752
1657614812
1657614872
1657614932
1657614992
1657615052
1657615112
1657615172
1657615232
1657615292
1657615352
1657615412
1657615472
1657615532
1657615592
1657615652
1657615712
1657615772
1657615832
1657615892
1657615952
1657616012
1657616072
1657616132
1657616192
1657616252
1657616312
1657616372
1657616432
1657616492
1657616552
1657616612
1657616672
1657616732
1657616792
1657616852
1657616912
1657616972
1657617032
1657617092
1657617152
1657617212
1657617272
1657617332
1657617392
1657617452
1657617512
1657617572
1657617632
1657617692
1657617752
1657617812
1657617872
1657617932
1657617992
1657618052
1657618112
1657618172
1657618232
1657618292
1657618352
1657618412
1657618472
1657618532
1657618592
1657618652
1657618712
1657618772
1657618832
1657618892
1657618952
1657619012
1657619072
1657619132
1657619192
1657619252
1657619312
1657619372
1657619432
1657619492
1657619552
1657619612
1657619672
1657619732
1657619792
1657619852
1657619912
1657619972
1657620032
1657620092
1657620152
1657620212
1657620272
1657620332
1657620392
1657620452
1657620512
1657620572
1657620632
1657620692
1657620752
1657620812
1657620872
1657620932
1657620992
1657621052
1657621112
1657621172
1657621232
1657621292
1657621352
1657621412
1657621472
1657621532
1657621592
1657621652
1657621712
1657621772
1657621832
1657621892
1657621952
1657622012
1657622072
1657622132
1657622192
1657622252
1657622312
1657622372
1657622432
1657622492
1657622552
1657622612
1657622672
1657622732
1657622792
1657622852
1657622912
1657622972
1657623032
1657623092
1657623152
1657623212
1657623272
1657623332
1657623392
1657623452
1657623512
1657623572
1657623633
1657623693
1657623753
1657623813
1657623873
1657623933
1657623993
1657624053
1657624113
1657624173
1657624233
1657624293
1657624353
1657624413
1657624473
1657624533
1657624593
1657624653
1657624713
1657624773
1657624833
1657624893
1657624953
1657625013
1657625073
1657625133
1657625193
1657625253
1657625313
1657625373
1657625433
1657625493
1657625553
1657625613
1657625673
1657625733
1657625793
1657625853
1657625913
1657625973
1657626033
1657626093
1657626153
1657626213
1657626273
1657626333
1657626393
1657626453
1657626513
1657626573
1657626633
1657626693
1657626753
1657626813
1657626873
1657626933
1657626993
1657627053
1657627113
1657627173
1657627233
1657627293
1657627353
1657627413
1657627473
1657627533
1657627593
1657627653
1657627713
1657627773
1657627833
1657627893
1657627953
1657628013
1657628073
1657628133
1657628193
1657628253
1657628313
1657628373
1657628433
1657628493
1657628553
1657628613
1657628673
1657628733
1657628793
1657628853
1657628913
1657628973
1657629033
1657629093
1657629153
1657629213
1657629273
1657629333
1657629393
1657629453
1657629513
1657629573
1657629633
1657629693
1657629753
1657629813
1657629873
1657629933
1657629993
1657630053
1657630113
1657630173
1657630233
1657630293
1657630353
1657630413
1657630473
1657630533
1657630593
1657630653
1657630713
1657630773
1657630833
1657630893
1657630953
1657631013
1657631073
1657631133
1657631193
1657631253
1657631313
1657631373
1657631433
1657631493
1657631553
1657631613
1657631673
1657631733
1657631793
1657631853
1657631913
1657631973
1657632033
1657632093
1657632153
1657632213
1657632273
1657632333
1657632393
1657632453
1657632513
1657632573
1657632633
1657632693
1657632753
1657632813
1657632873
1657632933
1657632994
1657633054
1657633114
1657633174
1657633234
1657633294
1657633354
1657633414
1657633474
1657633534
1657633594
1657633654
1657633714
1657633774
1657633834
1657633894
1657633954
1657634014
1657634074
1657634134
1657634194
1657634254
1657634314
1657634374
1657634434
1657634494
1657634554
1657634614
1657634674
1657634734
1657634794
1657634854
1657634914
1657634974
1657635034
1657635094
1657635154
1657635214
1657635274
1657635334
1657635394
1657635454
1657635514
1657635574
1657635634
1657635694
1657635754
1657635814
1657635874
1657635934
1657635994
1657636054
1657636114
1657636174
1657636234
1657636294
1657636354
1657636414
1657636474
1657636534
1657636594
1657636654
1657636714
1657636774
1657636834
1657636894
1657636954
1657637014
1657637074
1657637134
1657637194
1657637254
1657637314
1657637374
1657637434
1657637494
1657637554
1657637614
1657637674
1657637734
1657637794
1657637854
1657637914
1657637974
1657638034
1657638094
1657638154
1657638214
1657638274
1657638334
1657638394
1657638454
1657638514
1657638574
1657638634
1657638694
1657638754
1657638814
1657638874
1657638934
1657638994
1657639054
1657639114
1657639174
1657639234
1657639294
1657639354
1657639414
1657639474
1657639534
1657639594
1657639654
1657639714
1657639774
1657639834
1657639894
1657639954
1657640014
1657640074
1657640134
1657640194
1657640254
1657640314
1657640374
1657640434
1657640494
1657640554
1657640614
1657640674
1657640734
1657640794
1657640854
1657640914
1657640974
1657641034
1657641094
1657641154
1657641214
1657641274
1657641334
1657641394
1657641454
1657641514
1657641574
1657641634
1657641694
1657641754
1657641814
1657641874
1657641934
1657641994
1657642054
1657642114
1657642174
1657642234
1657642294
1657642354
1657642414
1657642475
1657642535
1657642595
1657642655
1657642715
1657642775
1657642835
1657642895
1657642955
1657643015
1657643075
1657643135
1657643195
1657643255
1657643315
1657643375
1657643435
1657643495
1657643555
1657643615
1657643675
1657643735
1657643795
1657643855
1657643915
1657643975
1657644035
1657644095
1657644155
1657644215
1657644275
1657644335
1657644395
1657644455
1657644515
1657644575
1657644635
1657644695
1657644755
1657644815
1657644875
1657644935
1657644995
1657645055
1657645115
1657645175
1657645235
1657645295
1657645355
1657645415
1657645475
1657645535
1657645595
1657645655
1657645715
1657645775
1657645835
1657645895
1657645955
1657646015
1657646075
1657646135
1657646195
1657646255
1657646315
1657646375
1657646435
1657646495
1657646555
1657646615
1657646675
1657646735
1657646795
1657646855
1657646915
1657646975
1657647035
1657647095
1657647155
1657647215
1657647275
1657647335
1657647395
1657647455
1657647515
1657647575
1657647635
1657647695
1657647755
1657647815
1657647875
1657647935
1657647995
1657648055
1657648115
1657648175
1657648235
1657648295
1657648355
1657648415
1657648475
1657648535
1657648595
1657648655
1657648715
1657648775
1657648835
1657648895
1657648955
1657649015
1657649075
1657649135
1657649195
1657649255
1657649315
1657649375
1657649435
1657649495
1657649555
1657649615
1657649675
1657649735
1657649795
1657649855
1657649915
1657649975
1657650035
1657650095
1657650155
1657650215
1657650275
1657650335
1657650395
1657650455
1657650515
1657650575
1657650635
1657650695
1657650755
1657650815
1657650875
1657650935
1657650995
1657651055
1657651115
1657651175
1657651235
1657651295
1657651355
1657651415
1657651475
1657651535
1657651595
1657651655
1657651715
1657651775
1657651835
1657651896
1657651956
1657652016
1657652076
1657652136
1657652196
1657652256
1657652316
1657652376
1657652436
1657652496
1657652556
1657652616
1657652676
1657652736
1657652796
1657652856
1657652916
1657652976
1657653036
1657653096
1657653156
1657653216
1657653276
1657653336
1657653396
1657653456
1657653516
1657653576
1657653636
1657653696
1657653756
1657653816
1657653876
1657653936
1657653996
1657654056
1657654116
1657654176
1657654236
1657654296
1657654356
1657654416
1657654476
1657654536
1657654596
1657654656
1657654716
1657654776
1657654836
1657654896
1657654956
1657655016
1657655076
1657655136
1657655196
1657655256
1657655316
1657655376
1657655436
1657655496
1657655556
1657655616
1657655676
1657655736
1657655796
1657655856
1657655916
1657655976
1657656036
1657656096
1657656156
1657656216
1657656276
1657656336
1657656396
1657656456
1657656516
1657656576
1657656636
1657656696
1657656756
1657656816
1657656876
1657656936
1657656996
1657657056
1657657116
1657657176
1657657236
1657657296
1657657356
1657657416
1657657476
1657657536
1657657596
1657657656
1657657716
1657657776
1657657836
1657657896
1657657956
1657658016
1657658076
1657658136
1657658196
1657658256
1657658316
1657658376
1657658436
1657658496
1657658556
1657658616
1657658676
1657658736
1657658796
1657658856
1657658916
1657658976
1657659036
1657659096
1657659156
1657659216
1657659276
1657659336
1657659396
1657659456
1657659516
1657659576
1657659636
1657659696
1657659756
1657659816
1657659876
1657659936
1657659996
1657660056
1657660116
1657660176
1657660236
1657660296
1657660356
1657660416
1657660476
1657660536
1657660596
1657660656
1657660716
1657660776
1657660836
1657660896
1657660956
1657661016
1657661076
1657661136
1657661196
1657661257
1657661317
1657661377
1657661437
1657661497
1657661557
1657661617
1657661677
1657661737
1657661797
1657661857
1657661917
1657661977
1657662037
1657662097
1657662157
1657662217
1657662277
1657662337
1657662397
1657662457
1657662517
1657662577
1657662637
1657662697
1657662757
1657662817
1657662877
1657662937
1657662997
1657663057
1657663117
1657663177
1657663237
1657663297
1657663357
1657663417
1657663477
1657663537
1657663597
1657663657
1657663717
1657663777
1657663837
1657663897
1657663957
1657664017
1657664077
1657664137
1657664197
1657664257
1657664317
1657664377
1657664437
1657664497
1657664557
1657664617
1657664677
1657664737
1657664797
1657664857
1657664917
1657664977
1657665037
1657665097
1657665157
1657665217
1657665277
1657665337
1657665397
1657665457
1657665517
1657665577
1657665637
1657665697
1657665757
1657665817
1657665877
1657665937
1657665997
1657666057
1657666117
1657666177
1657666237
1657666297
1657666357
1657666417
1657666477
1657666537
1657666597
1657666657
1657666717
1657666777
1657666837
1657666897
1657666957
1657667017
1657667077
1657667137
1657667197
1657667257
1657667317
1657667377
1657667437
1657667497
1657667557
1657667617
1657667677
1657667737
1657667797
1657667857
1657667917
1657667977
1657668037
1657668097
1657668157
1657668217
1657668277
1657668337
1657668397
1657668457
1657668517
1657668577
1657668637
1657668697
1657668757
1657668817
1657668877
1657668937
1657668997
1657669057
1657669117
1657669177
1657669237
1657669297
1657669357
1657669417
1657669477
1657669537
1657669597
1657669657
1657669717
1657669777
1657669837
1657669897
1657669957
1657670017
1657670077
1657670137
1657670197
1657670257
1657670317
1657670377
1657670437
1657670497
1657670557
1657670617
1657670677
1657670738
1657670798
1657670858
1657670918
1657670978
1657671038
1657671098
1657671158
1657671218
1657671278
1657671338
1657671398
1657671458
1657671518
1657671578
1657671638
1657671698
1657671758
1657671818
1657671878
1657671938
1657671998
1657672058
1657672118
1657672178
1657672238
1657672298
1657672358
1657672418
1657672478
1657672538
1657672598
1657672658
1657672718
1657672778
1657672838
1657672898
1657672958
1657673018
1657673078
1657673138
1657673198
1657673258
1657673318
1657673378
1657673438
1657673498
1657673558
1657673618
1657673678
1657673738
1657673798
1657673858
1657673918
1657673978
1657674038
1657674098
1657674158
1657674218
1657674278
1657674338
1657674398
1657674458
1657674518
1657674578
1657674638
1657674698
1657674758
1657674818
1657674878
1657674938
1657674998
1657675058
1657675118
1657675178
1657675238
1657675298
1657675358
1657675418
1657675478
1657675538
1657675598
1657675658
1657675718
1657675778
1657675838
1657675898
1657675958
1657676018
1657676078
1657676138
1657676198
1657676258
1657676318
1657676378
1657676438
1657676498
1657676558
1657676618
1657676678
1657676738
1657676798
1657676858
1657676918
1657676978
1657677038
1657677098
1657677158
1657677218
1657677278
1657677338
1657677398
1657677458
1657677518
1657677578
1657677638
1657677698
1657677758
1657677818
1657677878
1657677938
1657677998
1657678058
1657678118
1657678178
1657678238
1657678298
1657678358
1657678418
1657678478
1657678538
1657678598
1657678658
1657678718
1657678778
1657678838
1657678898
1657678958
1657679018
1657679078
1657679138
1657679198
1657679258
1657679318
1657679378
1657679438
1657679498
1657679558
1657679618
1657679678
1657679738
1657679798
1657679858
1657679918
1657679978
1657680038
1657680099
1657680159
1657680219
1657680279
1657680339
1657680399
1657680459
1657680519
1657680579
1657680639
1657680699
1657680759
1657680819
1657680879
1657680939
1657680999
1657681059
1657681119
1657681179
1657681239
1657681299
1657681359
1657681419
1657681479
1657681539
1657681599
1657681659
1657681719
1657681779
1657681839
1657681899
1657681959
1657682019
1657682079
1657682139
1657682199
1657682259
1657682319
1657682379
1657682439
1657682499
1657682559
1657682619
1657682679
1657682739
1657682799
1657682859
1657682919
1657682979
1657683039
1657683099
1657683159
1657683219
1657683279
1657683339
1657683399
1657683459
1657683519
1657683579
1657683639
1657683699
1657683759
1657683819
1657683879
1657683939
1657683999
1657684059
1657684119
1657684179
1657684239
1657684299
1657684359
1657684419
1657684479
1657684539
1657684599
1657684659
1657684719
1657684779
1657684839
1657684899
1657684959
1657685019
1657685079
1657685139
1657685199
1657685259
1657685319
1657685379
1657685439
1657685499
1657685559
1657685619
1657685679
1657685739
1657685799
1657685859
1657685919
1657685979
1657686039
1657686099
1657686159
1657686219
1657686279
1657686339
1657686399
1657686459
1657686519
1657686579
1657686639
1657686699
1657686759
1657686819
1657686879
1657686939
1657686999
1657687059
1657687119
1657687179
1657687239
1657687299
1657687359
1657687419
1657687479
1657687539
1657687599
1657687659
1657687719
1657687779
1657687839
1657687899
1657687959
1657688019
1657688079
1657688139
1657688199
1657688259
1657688319
1657688379
1657688439
1657688499
1657688559
1657688619
1657688679
1657688739
1657688799
1657688859
1657688919
1657688979
1657689039
1657689099
1657689159
1657689219
1657689279
1657689339
1657689399
1657689460
1657689520
1657689580
1657689640
1657689700
1657689760
1657689820
1657689880
1657689940
1657690000
1657690060
1657690120
1657690180
1657690240
1657690300
1657690360
1657690420
1657690480
1657690540
1657690600
1657690660
1657690720
1657690780
1657690840
1657690900
1657690960
1657691020
1657691080
1657691140
1657691200
1657691260
1657691320
1657691380
1657691440
1657691500
1657691560
1657691620
1657691680
1657691740
1657691800
1657691860
1657691920
1657691980
1657692040
1657692100
1657692160
1657692220
1657692280
1657692340
1657692400
1657692460
1657692520
1657692580
1657692640
1657692700
1657692760
1657692820
1657692880
1657692940
1657693000
1657693060
1657693120
1657693180
1657693240
1657693300
1657693360
1657693420
1657693480
1657693540
1657693600
1657693660
1657693720
1657693780
1657693840
1657693900
1657693960
1657694020
1657694080
1657694140
1657694200
1657694260
1657694320
1657694380
1657694440
1657694500
1657694560
1657694620
1657694680
1657694740
1657694800
1657694860
1657694920
1657694980
1657695040
1657695100
1657695160
1657695220
1657695280
1657695340
1657695400
1657695460
1657695520
1657695580
1657695640
1657695700
1657695760
1657695820
1657695880
1657695940
1657696000
1657696060
1657696120
1657696180
1657696240
1657696300
1657696360
1657696420
1657696480
1657696540
1657696600
1657696660
1657696720
1657696780
1657696840
1657696900
1657696960
1657697020
1657697080
1657697140
1657697200
1657697260
1657697320
1657697380
1657697440
1657697500
1657697560
1657697620
1657697680
1657697740
1657697800
1657697860
1657697920
1657697980
1657698040
1657698100
1657698160
1657698220
1657698280
1657698340
1657698400
1657698460
1657698520
1657698580
1657698640
1657698700
1657698760
1657698820
1657698881
1657698941
1657699001
1657699061
1657699121
1657699181
1657699241
1657699301
1657699361
1657699421
1657699481
1657699541
1657699601
1657699661
1657699721
1657699781
1657699841
1657699901
1657699961
1657700021
1657700081
1657700141
1657700201
1657700261
1657700321
1657700381
1657700441
1657700501
1657700561
1657700621
1657700681
1657700741
1657700801
1657700861
1657700921
1657700981
1657701041
1657701101
1657701161
1657701221
1657701281
1657701341
1657701401
1657701461
1657701521
1657701581
1657701641
1657701701
1657701761
1657701821
1657701881
1657701941
1657702001
1657702061
1657702121
1657702181
1657702241
1657702301
1657702361
1657702421
1657702481
1657702541
1657702601
1657702661
1657702721
1657702781
1657702841
1657702901
1657702961
1657703021
1657703081
1657703141
1657703201
1657703261
1657703321
1657703381
1657703441
1657703501
1657703561
1657703621
1657703681
1657703741
1657703801
1657703861
1657703921
1657703981
1657704041
1657704101
1657704161
1657704221
1657704281
1657704341
1657704401
1657704461
1657704521
1657704581
1657704641
1657704701
1657704761
1657704821
1657704881
1657704941
1657705001
1657705061
1657705121
1657705181
1657705241
1657705301
1657705361
1657705421
1657705481
1657705541
1657705601
1657705661
1657705721
1657705781
1657705841
1657705901
1657705961
1657706021
1657706081
1657706141
1657706201
1657706261
1657706321
1657706381
1657706441
1657706501
1657706561
1657706621
1657706681
1657706741
1657706801
1657706861
1657706921
1657706981
1657707041
1657707101
1657707161
1657707221
1657707281
1657707341
1657707401
1657707461
1657707521
1657707581
1657707641
1657707701
1657707761
1657707821
1657707881
1657707941
1657708001
1657708061
1657708121
1657708181
1657708241
1657708302
1657708362
1657708422
1657708482
1657708542
1657708602
1657708662
1657708722
1657708782
1657708842
1657708902
1657708962
1657709022
1657709082
1657709142
1657709202
1657709262
1657709322
1657709382
1657709442
1657709502
1657709562
1657709622
1657709682
1657709742
1657709802
1657709862
1657709922
1657709982
1657710042
1657710102
1657710162
1657710222
1657710282
1657710342
1657710402
1657710462
1657710522
1657710582
1657710642
1657710702
1657710762
1657710822
1657710882
1657710942
1657711002
1657711062
1657711122
1657711182
1657711242
1657711302
1657711362
1657711422
1657711482
1657711542
1657711602
1657711662
1657711722
1657711782
1657711842
1657711902
1657711962
1657712022
1657712082
1657712142
1657712202
1657712262
1657712322
1657712382
1657712442
1657712502
1657712562
1657712622
1657712682
1657712742
1657712802
1657712862
1657712922
1657712982
1657713042
1657713102
1657713162
1657713222
1657713282
1657713342
1657713402
1657713462
1657713522
1657713582
1657713642
1657713702
1657713762
1657713822
1657713882
1657713942
1657714002
1657714062
1657714122
1657714182
1657714242
1657714302
1657714362
1657714422
1657714482
1657714542
1657714602
1657714662
1657714722
1657714782
1657714842
1657714902
1657714962
1657715022
1657715082
1657715142
1657715202
1657715262
1657715322
1657715382
1657715442
1657715502
1657715562
1657715622
1657715682
1657715742
1657715802
1657715862
1657715922
1657715982
1657716042
1657716102
1657716162
1657716222
1657716282
1657716342
1657716402
1657716462
1657716522
1657716582
1657716642
1657716702
1657716762
1657716822
1657716882
1657716942
1657717002
1657717062
1657717122
1657717182
1657717242
1657717302
1657717362
1657717422
1657717482
1657717542
1657717603
1657717663
1657717723
1657717783
1657717843
1657717903
1657717963
1657718023
1657718083
1657718143
1657718203
1657718263
1657718323
1657718383
1657718443
1657718503
1657718563
1657718623
1657718683
1657718743
1657718803
1657718863
1657718923
1657718983
1657719043
1657719103
1657719163
1657719223
1657719283
1657719343
1657719403
1657719463
1657719523
1657719583
1657719643
1657719703
1657719763
1657719823
1657719883
1657719943
1657720003
1657720063
1657720123
1657720183
1657720243
1657720303
1657720363
1657720423
1657720483
1657720543
1657720603
1657720663
1657720723
1657720783
1657720843
1657720903
1657720963
1657721023
1657721083
1657721143
1657721203
1657721263
1657721323
1657721383
1657721443
1657721503
1657721563
1657721623
1657721683
1657721743
1657721803
1657721863
1657721923
1657721983
1657722043
1657722103
1657722163
1657722223
1657722283
1657722343
1657722403
1657722463
1657722523
1657722583
1657722643
1657722703
1657722763
1657722823
1657722883
1657722943
1657723003
1657723063
1657723123
1657723183
1657723243
1657723303
1657723363
1657723423
1657723483
1657723543
1657723603
1657723663
1657723723
1657723783
1657723843
1657723903
1657723963
1657724023
1657724083
1657724143
1657724203
1657724263
1657724323
1657724383
1657724443
1657724503
1657724563
1657724623
1657724683
1657724743
1657724803
1657724863
1657724923
1657724983
1657725043
1657725103
1657725163
1657725223
1657725283
1657725343
1657725403
1657725463
1657725523
1657725583
1657725643
1657725703
1657725763
1657725823
1657725883
1657725943
1657726003
1657726063
1657726123
1657726183
1657726243
1657726303
1657726363
1657726423
1657726483
1657726543
1657726603
1657726663
1657726723
1657726783
1657726843
1657726903
1657726963
1657727023
1657727084
1657727144
1657727204
1657727264
1657727324
1657727384
1657727444
1657727504
1657727564
1657727624
1657727684
1657727744
1657727804
1657727864
1657727924
1657727984
1657728044
1657728104
1657728164
1657728224
1657728284
1657728344
1657728404
1657728464
1657728524
1657728584
1657728644
1657728704
1657728764
1657728824
1657728884
1657728944
1657729004
1657729064
1657729124
1657729184
1657729244
1657729304
1657729364
1657729424
1657729484
1657729544
1657729604
1657729664
1657729724
1657729784
1657729844
1657729904
1657729964
1657730024
1657730084
1657730144
1657730204
1657730264
1657730324
1657730384
1657730444
1657730504
1657730564
1657730624
1657730684
1657730744
1657730804
1657730864
1657730924
1657730984
1657731044
1657731104
1657731164
1657731224
1657731284
1657731344
1657731404
1657731464
1657731524
1657731584
1657731644
1657731704
1657731764
1657731824
1657731884
1657731944
1657732004
1657732064
1657732124
1657732184
1657732244
1657732304
1657732364
1657732424
1657732484
1657732544
1657732604
1657732664
1657732724
1657732784
1657732844
1657732904
1657732964
1657733024
1657733084
1657733144
1657733204
1657733264
1657733324
1657733384
1657733444
1657733504
1657733564
1657733624
1657733684
1657733744
1657733804
1657733864
1657733924
1657733984
1657734044
1657734104
1657734164
1657734224
1657734284
1657734344
1657734404
1657734464
1657734524
1657734584
1657734644
1657734704
1657734764
1657734824
1657734884
1657734944
1657735004
1657735064
1657735124
1657735184
1657735244
1657735304
1657735364
1657735424
1657735484
1657735544
1657735604
1657735664
1657735724
1657735784
1657735844
1657735904
1657735964
1657736024
1657736084
1657736144
1657736204
1657736264
1657736324
1657736384
1657736445
1657736505
1657736565
1657736625
1657736685
1657736745
1657736805
1657736865
1657736925
1657736985
1657737045
1657737105
1657737165
1657737225
1657737285
1657737345
1657737405
1657737465
1657737525
1657737585
1657737645
1657737705
1657737765
1657737825
1657737885
1657737945
1657738005
1657738065
1657738125
1657738185
1657738245
1657738305
1657738365
1657738425
1657738485
1657738545
1657738605
1657738665
1657738725
1657738785
1657738845
1657738905
1657738965
1657739025
1657739085
1657739145
1657739205
1657739265
1657739325
1657739385
1657739445
1657739505
1657739565
1657739625
1657739685
1657739745
1657739805
1657739865
1657739925
1657739985
1657740045
1657740105
1657740165
1657740225
1657740285
1657740345
1657740405
1657740465
1657740525
1657740585
1657740645
1657740705
1657740765
1657740825
1657740885
1657740945
1657741005
1657741065
1657741125
1657741185
1657741245
1657741305
1657741365
1657741425
1657741485
1657741545
1657741605
1657741665
1657741725
1657741785
1657741845
1657741905
1657741965
1657742025
1657742085
1657742145
1657742205
1657742265
1657742325
1657742385
1657742445
1657742505
1657742565
1657742625
1657742685
1657742745
1657742805
1657742865
1657742925
1657742985
1657743045
1657743105
1657743165
1657743225
1657743285
1657743345
1657743405
1657743465
1657743525
1657743585
1657743645
1657743705
1657743765
1657743825
1657743885
1657743945
1657744005
1657744065
1657744125
1657744185
1657744245
1657744305
1657744365
1657744425
1657744485
1657744545
1657744605
1657744665
1657744725
1657744785
1657744845
1657744905
1657744965
1657745025
1657745085
1657745145
1657745205
1657745265
1657745325
1657745385
1657745445
1657745505
1657745565
1657745625
1657745685
1657745745
1657745805
1657745865
1657745926
1657745986
1657746046
1657746106
1657746166
1657746226
1657746286
1657746346
1657746406
1657746466
1657746526
1657746586
1657746646
1657746706
1657746766
1657746826
1657746886
1657746946
1657747006
1657747066
1657747126
1657747186
1657747246
1657747306
1657747366
1657747426
1657747486
1657747546
1657747606
1657747666
1657747726
1657747786
1657747846
1657747906
1657747966
1657748026
1657748086
1657748146
1657748206
1657748266
1657748326
1657748386
1657748446
1657748506
1657748566
1657748626
1657748686
1657748746
1657748806
1657748866
1657748926
1657748986
1657749046
1657749106
1657749166
1657749226
1657749286
1657749346
1657749406
1657749466
1657749526
1657749586
1657749646
1657749706
1657749766
1657749826
1657749886
1657749946
1657750006
1657750066
1657750126
1657750186
1657750246
1657750306
1657750366
1657750426
1657750486
1657750546
1657750606
1657750666
1657750726
1657750786
1657750846
1657750906
1657750966
1657751026
1657751086
1657751146
1657751206
1657751266
1657751326
1657751386
1657751446
1657751506
1657751566
1657751626
1657751686
1657751746
1657751806
1657751866
1657751926
1657751986
1657752046
1657752106
1657752166
1657752226
1657752286
1657752346
1657752406
1657752466
1657752526
1657752586
1657752646
1657752706
1657752766
1657752826
1657752886
1657752946
1657753006
1657753066
1657753126
1657753186
1657753246
1657753306
1657753366
1657753426
1657753486
1657753546
1657753606
1657753666
1657753726
1657753786
1657753846
1657753906
1657753966
1657754026
1657754086
1657754146
1657754206
1657754266
1657754326
1657754386
1657754446
1657754506
1657754566
1657754626
1657754686
1657754746
1657754806
1657754866
1657754926
1657754986
1657755046
1657755106
1657755166
1657755226
1657755287
1657755347
1657755407
1657755467
1657755527
1657755587
1657755647
1657755707
1657755767
1657755827
1657755887
1657755947
1657756007
1657756067
1657756127
1657756187
1657756247
1657756307
1657756367
1657756427
1657756487
1657756547
1657756607
1657756667
1657756727
1657756787
1657756847
1657756907
1657756967
1657757027
1657757087
1657757147
1657757207
1657757267
1657757327
1657757387
1657757447
1657757507
1657757567
1657757627
1657757687
1657757747
1657757807
1657757867
1657757927
1657757987
1657758047
1657758107
1657758167
1657758227
1657758287
1657758347
1657758407
1657758467
1657758527
1657758587
1657758647
1657758707
1657758767
1657758827
1657758887
1657758947
1657759007
1657759067
1657759127
1657759187
1657759247
1657759307
1657759367
1657759427
1657759487
1657759547
1657759607
1657759667
1657759727
1657759787
1657759847
1657759907
1657759967
1657760027
1657760087
1657760147
1657760207
1657760267
1657760327
1657760387
1657760447
1657760507
1657760567
1657760627
1657760687
1657760747
1657760807
1657760867
1657760927
1657760987
1657761047
1657761107
1657761167
1657761227
1657761287
1657761347
1657761407
1657761467
1657761527
1657761587
1657761647
1657761707
1657761767
1657761827
1657761887
1657761947
1657762007
1657762067
1657762127
1657762187
1657762247
1657762307
1657762367
1657762427
1657762487
1657762547
1657762607
1657762667
1657762727
1657762787
1657762847
1657762907
1657762967
1657763027
1657763087
1657763147
1657763207
1657763267
1657763327
1657763387
1657763447
1657763507
1657763567
1657763627
1657763687
1657763747
1657763807
1657763867
1657763927
1657763987
1657764047
1657764107
1657764167
1657764227
1657764287
1657764347
1657764407
1657764467
1657764527
1657764587
1657764648
1657764708
1657764768
1657764828
1657764888
1657764948
1657765008
1657765068
1657765128
1657765188
1657765248
1657765308
1657765368
1657765428
1657765488
1657765548
1657765608
1657765668
1657765728
1657765788
1657765848
1657765908
1657765968
1657766028
1657766088
1657766148
1657766208
1657766268
1657766328
1657766388
1657766448
1657766508
1657766568
1657766628
1657766688
1657766748
1657766808
1657766868
1657766928
1657766988
1657767048
1657767108
1657767168
1657767228
1657767288
1657767348
1657767408
1657767468
1657767528
1657767588
1657767648
1657767708
1657767768
1657767828
1657767888
1657767948
1657768008
1657768068
1657768128
1657768188
1657768248
1657768308
1657768368
1657768428
1657768488
1657768548
1657768608
1657768668
1657768728
1657768788
1657768848
1657768908
1657768968
1657769028
1657769088
1657769148
1657769208
1657769268
1657769328
1657769388
1657769448
1657769508
1657769568
1657769628
1657769688
1657769748
1657769808
1657769868
1657769928
1657769988
1657770048
1657770108
1657770168
1657770228
1657770288
1657770348
1657770408
1657770468
1657770528
1657770588
1657770648
1657770708
1657770768
1657770828
1657770888
1657770948
1657771008
1657771068
1657771128
1657771188
1657771248
1657771308
1657771368
1657771428
1657771488
1657771548
1657771608
1657771668
1657771728
1657771788
1657771848
1657771908
1657771968
1657772028
1657772088
1657772148
1657772208
1657772268
1657772328
1657772388
1657772448
1657772508
1657772568
1657772628
1657772688
1657772748
1657772808
1657772868
1657772928
1657772988
1657773048
1657773108
1657773168
1657773228
1657773288
1657773348
1657773408
1657773468
1657773528
1657773588
1657773648
1657773708
1657773768
1657773828
1657773888
1657773948
1657774009
1657774069
1657774129
1657774189
1657774249
1657774309
1657774369
1657774429
1657774489
1657774549
1657774609
1657774669
1657774729
1657774789
1657774849
1657774909
1657774969
1657775029
1657775089
1657775149
1657775209
1657775269
1657775329
1657775389
1657775449
1657775509
1657775569
1657775629
1657775689
1657775749
1657775809
1657775869
1657775929
1657775989
1657776049
1657776109
1657776169
1657776229
1657776289
1657776349
1657776409
1657776469
1657776529
1657776589
1657776649
1657776709
1657776769
1657776829
1657776889
1657776949
1657777009
1657777069
1657777129
1657777189
1657777249
1657777309
1657777369
1657777429
1657777489
1657777549
1657777609
1657777669
1657777729
1657777789
1657777849
1657777909
1657777969
1657778029
1657778089
1657778149
1657778209
1657778269
1657778329
1657778389
1657778449
1657778509
1657778569
1657778629
1657778689
1657778749
1657778809
1657778869
1657778929
1657778989
1657779049
1657779109
1657779169
1657779229
1657779289
1657779349
1657779409
1657779469
1657779529
1657779589
1657779649
1657779709
1657779769
1657779829
1657779889
1657779949
1657780009
1657780069
1657780129
1657780189
1657780249
1657780309
1657780369
1657780429
1657780489
1657780549
1657780609
1657780669
1657780729
1657780789
1657780849
1657780909
1657780969
1657781029
1657781089
1657781149
1657781209
1657781269
1657781329
1657781389
1657781449
1657781509
1657781569
1657781629
1657781689
1657781749
1657781809
1657781869
1657781929
1657781989
1657782049
1657782109
1657782169
1657782229
1657782289
1657782349
1657782409
1657782469
1657782529
1657782589
1657782649
1657782709
1657782769
1657782829
1657782889
1657782949
1657783009
1657783069
1657783129
1657783189
1657783249
1657783309
1657783369
1657783429
1657783489
1657783550
1657783610
1657783670
1657783730
1657783790
1657783850
1657783910
1657783970
1657784030
1657784090
1657784150
1657784210
1657784270
1657784330
1657784390
1657784450
1657784510
1657784570
1657784630
1657784690
1657784750
1657784810
1657784870
1657784930
1657784990
1657785050
1657785110
1657785170
1657785230
1657785290
1657785350
1657785410
1657785470
1657785530
1657785590
1657785650
1657785710
1657785770
1657785830
1657785890
1657785950
1657786010
1657786070
1657786130
1657786190
1657786250
1657786310
1657786370
1657786430
1657786490
1657786550
1657786610
1657786670
1657786730
1657786790
1657786850
1657786910
1657786970
1657787030
1657787090
1657787150
1657787210
1657787270
1657787330
1657787390
1657787450
1657787510
1657787570
1657787630
1657787690
1657787750
1657787810
1657787870
1657787930
1657787990
1657788050
1657788110
1657788170
1657788230
1657788290
1657788350
1657788410
1657788470
1657788530
1657788590
1657788650
1657788710
1657788770
1657788830
1657788890
1657788950
1657789010
1657789070
1657789130
1657789190
1657789250
1657789310
1657789370
1657789430
1657789490
1657789550
1657789610
1657789670
1657789730
1657789790
1657789850
1657789910
1657789970
1657790030
1657790090
1657790150
1657790210
1657790270
1657790330
1657790390
1657790450
1657790510
1657790570
1657790630
1657790690
1657790750
1657790810
1657790870
1657790930
1657790990
1657791050
1657791110
1657791170
1657791230
1657791290
1657791350
1657791410
1657791470
1657791530
1657791590
1657791650
1657791710
1657791770
1657791830
1657791890
1657791950
1657792010
1657792070
1657792130
1657792190
1657792250
1657792310
1657792370
1657792430
1657792490
1657792550
1657792610
1657792670
1657792730
1657792790
1657792851
1657792911
1657792971
1657793031
1657793091
1657793151
1657793211
1657793271
1657793331
1657793391
1657793451
1657793511
1657793571
1657793631
1657793691
1657793751
1657793811
1657793871
1657793931
1657793991
1657794051
1657794111
1657794171
1657794231
1657794291
1657794351
1657794411
1657794471
1657794531
1657794591
1657794651
1657794711
1657794771
1657794831
1657794891
1657794951
1657795011
1657795071
1657795131
1657795191
1657795251
1657795311
1657795371
1657795431
1657795491
1657795551
1657795611
1657795671
1657795731
1657795791
1657795851
1657795911
1657795971
1657796031
1657796091
1657796151
1657796211
1657796271
1657796331
1657796391
1657796451
1657796511
1657796571
1657796631
1657796691
1657796751
1657796811
1657796871
1657796931
1657796991
1657797051
1657797111
1657797171
1657797231
1657797291
1657797351
1657797411
1657797471
1657797531
1657797591
1657797651
1657797711
1657797771
1657797831
1657797891
1657797951
1657798011
1657798071
1657798131
1657798191
1657798251
1657798311
1657798371
1657798431
1657798491
1657798551
1657798611
1657798671
1657798731
1657798791
1657798851
1657798911
1657798971
1657799031
1657799091
1657799151
1657799211
1657799271
1657799331
1657799391
1657799451
1657799511
1657799571
1657799631
1657799691
1657799751
1657799811
1657799871
1657799931
1657799991
1657800051
1657800111
1657800171
1657800231
1657800291
1657800351
1657800411
1657800471
1657800531
1657800591
1657800651
1657800711
1657800771
1657800831
1657800891
1657800951
1657801011
1657801071
1657801131
1657801191
1657801251
1657801311
1657801371
1657801431
1657801491
1657801551
1657801611
1657801671
1657801731
1657801791
1657801851
1657801911
1657801971
1657802031
1657802091
1657802151
1657802211
1657802271
1657802332
1657802392
1657802452
1657802512
1657802572
1657802632
1657802692
1657802752
1657802812
1657802872
1657802932
1657802992
1657803052
1657803112
1657803172
1657803232
1657803292
1657803352
1657803412
1657803472
1657803532
1657803592
1657803652
1657803712
1657803772
1657803832
1657803892
1657803952
1657804012
1657804072
1657804132
1657804192
1657804252
1657804312
1657804372
1657804432
1657804492
1657804552
1657804612
1657804672
1657804732
1657804792
1657804852
1657804912
1657804972
1657805032
1657805092
1657805152
1657805212
1657805272
1657805332
1657805392
1657805452
1657805512
1657805572
1657805632
1657805692
1657805752
1657805812
1657805872
1657805932
1657805992
1657806052
1657806112
1657806172
1657806232
1657806292
1657806352
1657806412
1657806472
1657806532
1657806592
1657806652
1657806712
1657806772
1657806832
1657806892
1657806952
1657807012
1657807072
1657807132
1657807192
1657807252
1657807312
1657807372
1657807432
1657807492
1657807552
1657807612
1657807672
1657807732
1657807792
1657807852
1657807912
1657807972
1657808032
1657808092
1657808152
1657808212
1657808272
1657808332
1657808392
1657808452
1657808512
1657808572
1657808632
1657808692
1657808752
1657808812
1657808872
1657808932
1657808992
1657809052
1657809112
1657809172
1657809232
1657809292
1657809352
1657809412
1657809472
1657809532
1657809592
1657809652
1657809712
1657809772
1657809832
1657809892
1657809952
1657810012
1657810072
1657810132
1657810192
1657810252
1657810312
1657810372
1657810432
1657810492
1657810552
1657810612
1657810672
1657810732
1657810792
1657810852
1657810912
1657810972
1657811032
1657811092
1657811152
1657811212
1657811272
1657811332
1657811392
1657811452
1657811512
1657811572
1657811632
1657811693
1657811753
1657811813
1657811873
1657811933
1657811993
1657812053
1657812113
1657812173
1657812233
1657812293
1657812353
1657812413
1657812473
1657812533
1657812593
1657812653
1657812713
1657812773
1657812833
1657812893
1657812953
1657813013
1657813073
1657813133
1657813193
1657813253
1657813313
1657813373
1657813433
1657813493
1657813553
1657813613
1657813673
1657813733
1657813793
1657813853
1657813913
1657813973
1657814033
1657814093
1657814153
1657814213
1657814273
1657814333
1657814393
1657814453
1657814513
1657814573
1657814633
1657814693
1657814753
1657814813
1657814873
1657814933
1657814993
1657815053
1657815113
1657815173
1657815233
1657815293
1657815353
1657815413
1657815473
1657815533
1657815593
1657815653
1657815713
1657815773
1657815833
1657815893
1657815953
1657816013
1657816073
1657816133
1657816193
1657816253
1657816313
1657816373
1657816433
1657816493
1657816553
1657816613
1657816673
1657816733
1657816793
1657816853
1657816913
1657816973
1657817033
1657817093
1657817153
1657817213
1657817273
1657817333
1657817393
